Date,Open,High,Low,Close,Volume,Adj Close
2014-01-06,16.93,17.00,16.58,16.84,3373900,16.84
2014-01-03,17.03,17.08,16.83,16.94,3712200,16.94
2014-01-02,16.94,17.22,16.86,17.03,5153600,17.03
2014-01-01,16.94,16.94,16.94,16.94,000,16.94
2013-12-31,16.75,17.11,16.66,16.94,4962300,16.94
2013-12-30,16.70,17.07,16.70,16.77,3992700,16.77
2013-12-27,16.39,16.85,16.34,16.65,5291500,16.65
2013-12-26,16.84,16.98,16.35,16.35,5485400,16.35
2013-12-25,16.20,16.95,16.02,16.93,4961600,16.93
2013-12-24,16.00,16.36,16.00,16.18,2771900,16.18
2013-12-23,16.22,16.28,15.70,15.90,4468100,15.90
2013-12-20,16.01,16.51,16.00,16.23,3358100,16.23
2013-12-19,16.55,16.72,16.01,16.01,3282000,16.01
2013-12-18,16.70,16.78,16.33,16.37,3174900,16.37
2013-12-17,17.09,17.12,16.55,16.64,2988000,16.64
2013-12-16,17.07,17.21,16.56,17.13,5218000,17.13
2013-12-13,17.30,17.30,17.10,17.19,2714700,17.19
2013-12-12,17.11,17.31,16.97,17.27,3506200,17.27
2013-12-11,17.20,17.28,16.96,17.07,3260300,17.07
2013-12-10,17.30,17.35,16.96,17.05,3838600,17.05
2013-12-09,16.99,17.29,16.95,17.29,7262100,17.29
2013-12-06,16.87,17.25,16.63,16.70,6332700,16.70
2013-12-05,16.95,17.59,16.85,16.86,7140100,16.86
2013-12-04,17.10,17.48,16.90,16.91,7133100,16.91
2013-12-03,17.00,17.34,16.11,17.06,9533600,17.06
2013-12-02,18.58,18.88,17.55,17.55,11749600,17.55
2013-11-29,19.19,19.55,19.19,19.50,5451600,19.50
2013-11-28,19.50,19.60,19.10,19.19,5458100,19.19
2013-11-27,18.86,19.49,18.81,19.45,7667600,19.45
2013-11-26,18.80,19.13,18.68,18.88,4676900,18.88
2013-11-25,18.83,19.16,18.80,18.81,3740200,18.81
2013-11-22,18.97,19.27,18.76,18.83,4305100,18.83
2013-11-21,19.39,19.39,18.82,18.98,4593700,18.98
2013-11-20,19.43,19.55,19.09,19.38,4734500,19.38
2013-11-19,19.35,19.93,19.21,19.48,7279400,19.48
2013-11-18,19.11,19.51,18.98,19.35,7900900,19.35
2013-11-15,18.65,19.15,18.50,18.95,8353400,18.95
2013-11-14,18.17,18.58,17.87,18.38,3809300,18.38
2013-11-13,18.69,18.69,18.15,18.17,4955800,18.17
2013-11-12,18.55,19.17,18.30,18.79,9642900,18.79
2013-11-11,18.45,18.49,17.57,17.88,4428100,17.88
2013-11-08,18.30,18.74,18.13,18.41,3704300,18.41
2013-11-07,18.30,18.92,18.10,18.54,4510000,18.54
2013-11-06,19.07,19.43,18.41,18.47,8409700,18.47
2013-11-05,18.39,19.05,18.01,19.03,6199300,19.03
2013-11-04,17.70,18.80,17.70,18.52,7359600,18.52
2013-11-01,17.79,18.10,17.33,17.59,4398000,17.59
2013-10-31,19.04,19.04,17.82,17.86,10546900,17.86
2013-10-30,18.80,19.12,18.65,19.03,4297200,19.03
2013-10-29,19.30,19.73,18.11,18.92,9691800,18.92
2013-10-28,19.90,19.93,18.88,19.53,5956900,19.53
2013-10-25,19.70,20.65,19.53,19.75,9578800,19.75
2013-10-24,20.39,20.39,19.60,19.89,9895100,19.89
2013-10-23,21.12,21.50,20.30,20.51,14137900,20.51
2013-10-22,22.50,23.59,21.30,21.32,22369200,21.32
2013-10-21,20.81,22.40,20.77,21.91,16521800,21.91
2013-10-18,20.80,21.09,20.01,20.62,9084900,20.62
2013-10-17,20.80,21.96,20.56,20.73,14775400,20.73
2013-10-16,21.60,22.00,19.97,20.49,16689400,20.49
2013-10-15,22.16,22.41,21.50,21.75,13183500,21.75
2013-10-14,20.64,22.47,20.31,22.33,13616800,22.33
2013-10-11,20.39,21.14,20.10,20.96,10052400,20.96
2013-10-10,20.81,21.16,20.29,20.35,10441700,20.35
2013-10-09,20.70,21.83,20.29,21.20,13223600,21.20
2013-10-08,20.70,21.92,20.69,20.80,20943300,20.80
2013-10-07,19.93,19.93,19.93,19.93,000,19.93
2013-10-04,19.93,19.93,19.93,19.93,000,19.93
2013-10-03,19.93,19.93,19.93,19.93,000,19.93
2013-10-02,19.93,19.93,19.93,19.93,000,19.93
2013-10-01,19.93,19.93,19.93,19.93,000,19.93
2013-09-30,19.48,20.10,19.14,19.93,9282800,19.93
2013-09-27,19.63,19.84,19.00,19.10,10475300,19.10
2013-09-26,19.90,20.29,19.55,19.65,11205100,19.65
2013-09-25,20.60,20.86,19.73,20.10,23394700,20.10
2013-09-24,19.00,20.19,19.00,20.19,25435300,20.19
2013-09-23,18.16,18.70,17.85,18.35,13976300,18.35
2013-09-20,17.61,17.61,17.61,17.61,000,17.61
2013-09-18,17.07,17.88,17.07,17.61,6070200,17.61
2013-09-17,18.09,18.10,17.23,17.23,9163800,17.23
2013-09-16,17.77,18.20,17.55,18.06,7707700,18.06
2013-09-13,18.09,18.42,17.50,17.77,7094600,17.77
2013-09-12,17.90,18.38,17.40,17.78,11133000,17.78
2013-09-11,18.35,18.85,17.61,18.06,11769900,18.06
2013-09-10,17.55,19.05,17.27,18.54,19604600,18.54
2013-09-09,17.15,17.80,16.82,17.55,13391100,17.55
2013-09-06,16.96,17.27,16.63,17.05,7701100,17.05
2013-09-05,16.70,17.15,16.51,17.08,8365100,17.08
2013-09-04,16.79,17.18,16.70,16.74,5736100,16.74
2013-09-03,16.49,16.86,16.30,16.69,5136900,16.69
2013-09-02,16.36,16.56,15.70,16.54,7365800,16.54
2013-08-30,17.45,17.70,16.50,16.55,14342600,16.55
2013-08-29,16.72,17.71,16.51,17.14,16008500,17.14
2013-08-28,16.74,16.74,16.38,16.38,6509000,16.38
2013-08-27,17.04,17.06,16.56,16.83,5879100,16.83
2013-08-26,16.92,17.00,16.70,16.99,8522400,16.99
2013-08-23,16.45,17.15,16.45,16.89,14872000,16.89
2013-08-22,16.46,16.66,16.23,16.42,8138600,16.42
2013-08-21,15.79,16.54,15.67,16.40,8609400,16.40
2013-08-20,16.00,16.05,15.70,15.83,4058100,15.83
2013-08-19,15.48,16.13,15.48,16.06,4542100,16.06
2013-08-16,15.86,16.25,15.55,15.67,6505500,15.67
2013-08-15,16.40,16.46,15.90,16.02,7472800,16.02
2013-08-14,16.78,16.78,16.41,16.47,7231500,16.47
2013-08-13,16.80,16.89,16.41,16.82,7755900,16.82
2013-08-12,17.00,17.15,16.38,16.79,16882600,16.79
2013-08-09,16.77,16.90,16.08,16.48,6940700,16.48
2013-08-08,17.00,17.09,16.49,16.55,7263500,16.55
2013-08-07,17.10,17.17,16.25,16.67,8394300,16.67
2013-08-06,16.87,17.08,16.77,16.85,6954600,16.85
2013-08-05,16.87,16.90,16.61,16.90,5764900,16.90
2013-08-02,16.60,16.89,16.35,16.65,7591600,16.65
2013-08-01,15.88,16.52,15.77,16.50,7986100,16.50
2013-07-31,15.81,16.43,15.71,15.76,6285500,15.76
2013-07-30,16.02,16.27,15.17,15.74,7233000,15.74
2013-07-29,16.94,16.94,16.00,16.04,7340600,16.04
2013-07-26,16.70,17.32,16.52,17.08,7315400,17.08
2013-07-25,17.67,17.70,16.58,16.86,11988300,16.86
2013-07-24,16.71,18.20,16.58,17.79,17038400,17.79
2013-07-23,16.80,17.38,16.66,16.92,12806000,16.92
2013-07-22,15.53,16.78,15.53,16.78,9482000,16.78
2013-07-19,15.96,16.48,15.65,15.75,8060900,15.75
2013-07-18,16.02,16.37,15.66,15.96,5920200,15.96
2013-07-17,16.79,16.79,16.07,16.15,7776500,16.15
2013-07-16,16.46,17.00,16.37,16.78,10225400,16.78
2013-07-15,15.99,16.44,15.80,16.37,12569500,16.37
2013-07-12,15.40,16.20,15.22,15.50,11759100,15.50
2013-07-11,15.15,15.54,14.86,15.33,10262000,15.33
2013-07-10,14.80,15.17,14.71,15.05,5648500,15.05
2013-07-09,14.71,15.08,14.45,14.45,5570700,14.45
2013-07-08,15.52,15.60,14.75,14.90,7063700,14.90
2013-07-05,16.09,16.69,16.06,16.10,5363000,16.10
2013-07-04,16.40,16.57,16.03,16.23,6865700,16.23
2013-07-03,16.63,16.80,15.90,16.55,10485900,16.55
2013-07-02,16.50,16.79,16.40,16.54,10724200,16.54
2013-07-01,16.00,16.54,15.81,16.42,8876000,16.42
2013-06-28,16.33,16.78,15.92,16.05,12964200,16.05
2013-06-27,15.18,16.85,15.16,16.68,31218500,16.68
2013-06-26,14.75,15.40,14.58,15.32,8133200,15.32
2013-06-25,14.47,15.15,13.42,14.70,7990000,14.70
2013-06-24,15.11,15.30,14.69,14.90,5706200,14.90
2013-06-21,14.66,15.50,14.60,15.30,5215300,15.30
2013-06-20,15.97,15.98,15.24,15.24,4957200,15.24
2013-06-19,15.79,16.25,15.65,15.96,5135100,15.96
2013-06-18,16.07,16.24,15.46,15.80,5426100,15.80
2013-06-17,16.57,16.79,16.04,16.17,9998900,16.17
2013-06-14,15.43,16.40,15.43,16.23,7996000,16.23
2013-06-13,15.68,15.68,15.11,15.51,7991200,15.51
2013-06-12,16.03,16.03,16.03,16.03,000,16.03
2013-06-11,16.03,16.03,16.03,16.03,000,16.03
2013-06-10,16.03,16.03,16.03,16.03,000,16.03
2013-06-07,16.24,16.58,15.90,16.03,5725500,16.03
2013-06-06,16.80,16.95,16.23,16.24,6412700,16.24
2013-06-05,17.09,17.16,16.58,16.91,5193200,16.91
2013-06-04,17.20,17.37,16.72,17.07,6266200,17.07
2013-06-03,17.15,17.39,16.85,17.20,6516300,17.20
2013-05-31,17.54,17.75,16.80,17.08,15386100,17.08
2013-05-30,16.90,17.82,16.75,17.58,15497400,17.58
2013-05-29,16.88,17.03,16.58,16.90,8377700,16.90
2013-05-28,18.09,18.20,16.50,16.72,21448400,16.72
2013-05-27,17.92,18.62,17.79,18.09,16842200,18.09
2013-05-24,18.05,18.33,17.58,17.91,11771800,17.91
2013-05-23,17.68,18.33,17.50,18.08,9990400,18.08
2013-05-22,19.28,19.29,17.88,17.94,22995800,17.94
2013-05-21,19.24,20.04,19.04,19.66,14777100,19.66
2013-05-20,18.28,19.66,18.01,19.50,20990900,19.50
2013-05-17,17.98,18.44,17.77,18.28,15512400,18.28
2013-05-16,18.29,18.64,17.87,18.01,14919500,18.01
2013-05-15,18.28,18.77,17.99,18.25,12247800,18.25
2013-05-14,19.00,19.18,17.91,18.14,13084400,18.14
2013-05-13,19.75,19.76,18.30,19.35,12618400,19.35
2013-05-10,20.00,20.74,19.50,20.00,14432600,20.00
2013-05-09,19.86,20.77,19.62,19.65,25293000,15.08
2013-05-08,18.70,19.62,18.55,19.62,12423000,15.05
2013-05-07,18.36,19.06,17.88,18.77,9387700,14.40
2013-05-06,18.08,18.84,17.88,18.38,10466600,14.11
2013-05-03,17.62,18.08,17.38,18.00,7022000,13.81
2013-05-02,16.55,17.58,16.41,17.50,6341700,13.43
2013-05-01,16.77,16.77,16.77,16.77,000,12.87
2013-04-30,16.77,16.77,16.77,16.77,000,12.87
2013-04-29,16.77,16.77,16.77,16.77,000,12.87
2013-04-26,17.73,17.96,16.70,16.77,10132000,12.87
2013-04-25,18.92,19.83,17.82,17.97,18893300,13.79
2013-04-24,18.85,19.19,18.54,19.08,18559700,14.64
2013-04-23,18.31,19.54,18.16,18.89,19956500,14.50
2013-04-22,17.81,18.72,17.54,18.45,15110600,14.16
2013-04-19,17.97,18.23,17.58,17.78,12355800,13.64
2013-04-18,17.27,18.05,17.01,18.00,12406500,13.81
2013-04-17,16.92,17.31,16.83,17.31,11917200,13.28
2013-04-16,16.46,17.09,16.42,16.92,10946500,12.99
2013-04-15,16.16,17.02,16.16,16.69,8582200,12.81
2013-04-12,16.54,16.54,16.22,16.33,2696900,12.53
2013-04-11,16.52,16.78,16.35,16.56,4239600,12.71
2013-04-10,16.10,16.47,15.77,16.46,4295600,12.63
2013-04-09,16.11,16.52,16.00,16.12,5670300,12.37
2013-04-08,15.83,16.42,15.23,16.15,8037500,12.40
2013-04-05,16.15,16.15,16.15,16.15,000,12.40
2013-04-04,16.15,16.15,16.15,16.15,000,12.40
2013-04-03,16.80,16.98,15.92,16.15,4946600,12.40
2013-04-02,16.83,17.61,16.58,16.79,10628500,12.89
2013-04-01,15.64,17.08,15.47,16.92,12502600,12.99
2013-03-29,16.00,16.29,15.46,15.60,4574400,11.97
2013-03-28,15.98,16.60,15.65,15.98,7473100,12.27
2013-03-27,16.41,16.47,15.91,16.13,6432100,12.38
2013-03-26,16.32,16.77,16.08,16.38,7656200,12.57
2013-03-25,16.50,16.60,15.95,16.27,7819000,12.49
2013-03-22,16.88,17.00,16.37,16.49,8016300,12.66
2013-03-21,16.15,17.53,16.15,17.02,15167400,13.06
2013-03-20,16.18,16.49,15.31,16.41,16210300,12.59
2013-03-19,17.17,17.42,16.00,16.19,8465600,12.43
2013-03-18,17.13,17.65,17.00,17.18,5807300,13.18
2013-03-15,17.94,18.45,17.01,17.45,10947800,13.39
2013-03-14,17.38,18.44,17.17,18.00,10450000,13.81
2013-03-13,16.77,17.97,16.66,17.48,11207900,13.42
2013-03-12,16.69,17.36,15.95,17.29,15249800,13.27
2013-03-11,16.20,17.06,16.19,16.80,8047600,12.89
2013-03-08,16.26,16.75,16.06,16.46,9641900,12.63
2013-03-07,17.46,17.67,16.15,16.29,20022500,12.50
2013-03-06,18.12,18.58,17.60,17.67,13436200,13.56
2013-03-05,17.95,18.65,17.32,18.33,16688200,14.07
2013-03-04,18.34,19.15,17.61,18.31,28746300,14.05
2013-03-01,17.09,18.86,16.86,18.86,21112900,14.48
2013-02-28,16.50,17.62,16.01,17.15,14258700,13.16
2013-02-27,15.64,16.83,14.96,16.75,16064700,12.85
2013-02-26,16.22,16.73,15.55,15.77,15012700,12.10
2013-02-25,15.42,16.46,15.22,16.30,15230800,12.51
2013-02-22,14.56,15.77,14.48,15.29,12979700,11.74
2013-02-21,14.15,14.60,14.08,14.56,9421900,11.18
2013-02-20,13.73,14.65,13.71,14.38,15889400,11.04
2013-02-19,14.20,14.22,13.69,13.77,11125200,10.57
2013-02-18,14.13,14.52,13.96,14.37,18146600,11.03
2013-02-15,14.16,14.16,14.16,14.16,000,10.87
2013-02-14,14.16,14.16,14.16,14.16,000,10.87
2013-02-13,14.16,14.16,14.16,14.16,000,10.87
2013-02-12,14.16,14.16,14.16,14.16,000,10.87
2013-02-11,14.16,14.16,14.16,14.16,000,10.87
2013-02-08,12.84,14.16,12.75,14.16,15210400,10.87
2013-02-07,13.84,13.99,12.77,12.88,17761900,9.88
2013-02-06,13.04,13.30,12.92,13.18,8981600,10.12
2013-02-05,12.15,13.23,12.15,13.08,10431800,10.04
2013-02-04,12.15,12.54,12.02,12.22,13440200,9.37
2013-02-01,11.59,12.43,11.44,12.15,15440300,9.33
2013-01-31,11.61,11.66,11.23,11.41,6146300,8.76
2013-01-30,11.46,11.64,11.32,11.58,5620700,8.88
2013-01-29,11.45,11.68,11.25,11.41,6115000,8.76
2013-01-28,11.03,11.53,10.82,11.45,8047400,8.78
2013-01-25,10.63,11.07,10.54,11.04,7541300,8.47
2013-01-24,10.27,10.96,10.27,10.68,8361000,8.20
2013-01-23,10.16,10.92,10.16,10.54,6456300,8.09
2013-01-22,10.55,10.62,10.10,10.13,4208000,7.78
2013-01-21,10.23,10.75,10.23,10.59,5826300,8.13
2013-01-18,9.93,10.27,9.93,10.23,6466500,7.85
2013-01-17,10.00,10.29,9.92,9.98,5184500,7.66
2013-01-16,10.38,10.38,10.00,10.18,8733400,7.82
2013-01-15,9.58,10.31,9.58,10.27,13651100,7.88
2013-01-14,9.77,9.85,9.42,9.52,9738900,7.31
2013-01-11,9.14,9.62,9.08,9.14,5464300,7.01
2013-01-10,9.08,9.15,9.02,9.15,3536400,7.02
2013-01-09,9.03,9.12,8.85,9.00,2005200,6.91
2013-01-08,8.79,9.11,8.74,9.05,5542900,6.94
2013-01-07,8.62,8.96,8.62,8.79,6185100,6.75
2013-01-04,9.15,9.19,8.82,8.82,4776400,6.77
2013-01-03,9.19,9.19,9.19,9.19,000,7.05
2013-01-02,9.19,9.19,9.19,9.19,000,7.05
2013-01-01,9.19,9.19,9.19,9.19,000,7.05
